

repository (hashed)  total commits  my commits  LOC added by me  LOC deleted by me
         \                \                \           \___________  \
          \                \                \_____________________ \  \
           \                \___________________________________  \ \  \
____________\___________________________________________________\__\_\__\____
8876923f426519dfb2b28597f2c1a4d9236c48a4ba5d178b38b2aded75769463 1 1 203 0
82a59208ff7735761fb433011be58142233d7695fbf6198e52832050462c2c38 15 15 5613 1569
f8d6a79dc8c44df6e3a33d675f8f36840468effa7d755df9af5291caf0500f50 6 6 1148 138
3900cfc325c573f393ef0a8eaadfebd8e3683cb53d6f254f9ce9a16c3d4534fb 2 2 2269 13
840b922cd31a9fa931964c9b7b5ac82568c316f122320b22133d6a677bf4a556 2 2 455 150
af447f34307966596759cb83340e0ffb7b60192e7e2fcf67aaea3b7d6c7b1f36 6 5 12030 301
9dca1ad8f9c1cd07b1e31abc9533f56d37bed4d2c0b71473cca931cbf7b2cf7c 1 1 1616 0
2f2ba045950873f8260b6f10605498aef0558d961492d96a6a7525e6b6fd9a0f 3 3 20686 0
7892bcbee2f38eed6ce9668299b71121ab8c2798bcaa404d9c96d206358de32d 10 10 7182 1171
65027173eedad82b918fe3383a96d02928d4617eaf1f0be54bdf6f8d441249ea 2 1 16830 0
92901063d501625c1a73fa3531a6bd75e3a8e233d3faaba41f4a70a06d1031e3 2 0 0 0
3a86b4106dd6525f00a0e0e382ecf8a590f0c952a4346af729ee872aa244d463 2 2 166930 3
aa3073d6f088559c40ea5c26122c0cf36853c47e862892e559748cafde1cd244 26 0 0 0
80addefc2e78b4f66a5be71372636450aff5d087398880e43529d929b33d311a 126 0 0 0
122260e48f9a3be2b82f3e35b5e7b816383e738813716303f8e442c2285b3ceb 10 8 5185 534
3fa07532394aff44297515e1eca7b1837ab798a908a86bd2b45b81b547e0e2b8 2 0 0 0
3adabf5f5dd725db26adba7ce28455a389aa7f18b46ca583625ab4df99223c81 126 0 0 0
186e61d0d2e51fc2ea8cb97cb9975cfbebf6e24787957c1ae19de811e2144583 8 7 1732 10
4792b3e0b8959eb781fa6c421d113b35b9bfd95b8dd9d7840cea440515f33545 1 1 1960 0
96477e9eb2b44361685ef47032c1239fe21fbf444be55a9ac34fc4b1a524002b 5 5 145 0
d426d0aef548a71fbe0fb6a48cd9df7f669fc1e41a2dd5491a76bc0f77ab8a90 1 1 10260 0
f28ffe3245588a8bd7487af8e78cade5fbd8f7ec9d23e029ace4589fda83c808 4 4 195 4
775a07f94199b8c3f06a3ad54395949ec502b019e756410e29e0fc64ae9b8c50 4 4 244 0
71c3ea382db972994e0613a7d6c5d6ef1ae76e7ecb54f021e7bcd2f3aa9b113e 30 0 0 0
b2650e84db4d3827a7d703efdd06e807314c60a560378f378607d1f02df81a7f 1 1 174 0
7b7a2917c9f21fd0a4dda89128089eafa08a6eb80110355476c0aca3697a481b 1 1 298 0
a0c11fd127c9ce3e7f25e20c914c791d469b5c3ed29576728871476f9ca5ee18 1 1 314 0
01cd935958371a68e2d542a13b09ea67fdfe579abe71ee291879d394c234c7e0 19 14 2301 750
b28e8c99cb23bb5ac0fe3752fe076c501853725e2020ef485eb03ded33e4b326 1 1 53 0
55bc5abfd690df140024f45daec291f7c57f031fe5b5f81732cca215db3d5f8f 1 1 170 0
9bd3dc1f58d551f344cdebe4f59b8b82b59a70a2a14556eae0c4b2f4aa3a4ee4 2 2 78 0
2a9cac84f166ce61c23408d7e6a9f940ecc2c6c3251c8ec472118fec5247c212 1 1 477 0
488495704c98b65254b0b06dbddc775a9774bf2f8a44c157af8b8a452819e422 1 1 210 0
b9c28f33b53d180e8d53434de34774ace0cd3e48675744e583a69e1a7c93bb62 1 1 68 0
8a9b75021d9351efd49b6178508c6dd2a0c4f9cd60c07b8e8f0bd72525b0cdc9 1 1 104 0
6da445bd57300cf44208a17d3fb591dd777a54d37b457bdbcea13882efdd49d9 1 1 120 0
2a0648ca24363887c707314dfb3b95d4c815a7cf8f5dc67ff44465e63e0603cf 1 1 155 0
762fb491c1811139358b91f762187a3c67adb9bc95537b6c12e41acec0d73588 3 3 565 12
52bfe268e07544301f82f3d719a093a32c5b2891bc876a8be4454edad8a5dce5 43 0 0 0
f9d3035b342cf4d95d9c39760f4af8f03997b66e3c22ff06af37bc499654a54e 2 2 207 0
f1bccfb78efb6c8fc5b9e0c3d31e3e448beb4a3b2e00fa41bb77e70cb2dd227a 1 1 417 0
a1a1854ac5c459f55f6d5c7a44e5d7dc47133e5ef989882b8c7a4a51dd639efa 4 4 603 3
d203e67c10c92f755e3917c65d9c6cdcd5f87be5cba0dbc3377ca28c6a9c6923 1 1 1003 0
0619d2080b035557c52b59b56c794d42b5af37502b2c5f0d0d6eb996cba5e4ec 2 2 35545 4
2bce075681cd4b5553678bad34b49061ea92e4098db94e21af68808dd5669d94 1 1 1442 0
cd06e56ea4b9e98995e66075be912893d5632f4109902abb7238cdc9788c7abb 1 1 2306 0
fa2e20b67172756d1d83171ee33f5924f0254df467df49a860cebbb858844867 131 1 302 90
d80a2b3b5e42d07292cc04be99cfb3ad153c9d86055ec20aab2485d7e5de7ae5 2 2 17145 145
1cbcfc53e005ebe96e488ab33a9679fcea068f533a5b7ae262684ccb64f89247 3 0 0 0
2c04862585120452f0c173c09ce42b988c2403b8ea635b8a2aa6de08343e9d61 2 2 35180 638
9b88d01902790cbbff6cccda44e5e4e954fa948fa4b6e2e7f80d67254425bf14 3 3 18169 10643
874f9e6faa8959e304848f8082ebbf3f40f1a0d163fd88b07783c9d0eadd9165 1 1 15457 0
ee28ff16427d582d4e4e473425298d1d85b4186a8b92772e2e6061662e033979 1 1 295 0
bbadac61dfe7916f40ac5a24ea2369e182470d1ff8dc76149d94b03d00f742be 1 1 425 0
c325b78ae10875cee21f58ac21ed2c464a2459bfd38a50ca1cd93af5e025b96d 1 1 334 0
aad55c5ad38e8fa76172225d4904dd9b46cb5fc5ab9dfed811c37f10275a1d78 1 1 402 0
eaf426f8e65d52e7c7c42d3daffbfc591010d8406c4814c5d4aa41b5b90e1297 2 2 598 1
1e2c5e0821991cbae5261769141d7618a6357ec73246267a0a823f57d5ed1a23 1 1 413 0
6b17deca431e24a725d096c07421ee1a4f3d801496e9943988f52b3010708ae9 1 1 711 0
a4f2cec422c1712c91dc59b0368cccbbaab855b4e8f089f597e6aee91fe72782 3 3 444 0
51ff71d1055fc976d0fd7973d06ff66227b9015e042cc4ae2d0eafaa3e577f1a 7 7 6098 3486
163355c36a7e74828d8dcb1a6519ab0ba100b43ac13bc8803e8d9ba898b5b705 2 2 4449 0
6ed53a3f6b9a18ee2ea14690e3e7d300d6d420e18cde27edca358416e27efc11 1 1 2533 0
7ed2ac5d0a3f4de270bcb48017338a91e72dba1cc624104c08a087c971fba468 2 2 1234 1
f9b5f8cceb3d6ad2919b6fa3c42e56eb1e982b0d1432362dd4248489d2203e04 1 1 5040 0
d83b0a6410fb823b453977e0538f2f6afeae194375f70c9b50853512cd2249cf 1 1 750 0
2c3542944ccada3816c15c232c9e39208067c4133e6e25d0e98917f218bf40e7 1 1 389 0
c0bf8e830b757fcc72a94d2e74132812497488733e557f746cf5ae5f47058fc3 227 4 1832 81
059c8cffdd7a2845352b1ad4ffabc663aaea7ff31b6f8a1111ba360f158e1375 1 1 2887 0
15f1b2b7fba4c86a42533a10788cf5925b60cf65735996778a1e10889a8214c5 3 3 2652 26
d8cf16dddfbff3fa6c7fc8074d35d5413a967a64fb76f21d190f07cdef600724 1 1 2689 0
96c44c54b57a50f0f556b18265dede8dab5aa9cf6b05f624fd7344959920217c 1 1 2590 0
b1cfa930288d9f263e658b6096fddf3b02d3da26f85ed6ad4d6571fa2e5f17ef 3 3 3060 0
b011d73f64becf8f5d0e3ef6946ec3aa022eee136ce5c9cf32de9a098510903c 2 2 2857 13
d9c17b8f91943c31ce0be713d43f8ebcb789c7ef44afd94e1b0ada600c006a33 1 1 3086 0
516a26136aaf61be97b5e579b804905944a70fabca12ab3d8a19d08913dca7c0 2 2 4462 0
d2bc8628dc9fc1389c5a70009ca175e3c32c3d51ad7260c089554b09c0b406d4 1 1 0 0
15aa14d489f31b808ca3da4bd01933c4d8fc1a7cfabc249bf999b6b7983df8d9 1 1 0 0
5e39c17ddab5bc179c61b358a909fbb506ba5602f0bdb2df208b8e33b3a4ab87 1 1 4 0
720cdde47da249b08591b2b38e584b57a89353ecc88b1bd1046e2dc12925eb85 1 1 0 0
cbae90d1d673ac94b5107d2f9ffdb346c7ac95583eea2382dfc950e4fbab4585 1 1 0 0
025d3a2632eecfb02f06ebcf087a80959d8ffa9decbe0efb0fcc25f9cfc50607 1 1 143 0
fa9983c8046c998ac508fdaa3afeabf5d69b65c4f6955c5047da57c5d08833e5 213 12 1466 59
38391c6efefbb29862b3cc69f0ee77b8f2e6e389ff75b2cd0ab7aa29c223d58f 1 1 128 0
defe5b59c1cad07a38b44adad0d4ba6635fe8856c76f7e9a3dffbd4270b59c39 60 60 13022 20413
4708fc30651a6ec768c128db358a9dea3001fb0df7d8a5161f7a1d512e826395 11 11 36365 1202
72a2e05c244258791e2182e064df73e0cec3535e0f809b8a441fcdae8377baa8 301 301 602 0
c5d9567e2ec61cfa8700481d0a12e453c24de2a8ee4a8d2f91319eface528cf2 1 1 44 0
aa46ea8e3921f03af1e54c3ef9d61b8e5474921804518f01ca21a0eb03023202 1 1 196 0
a65427698bf406939cd51167dc2ee8cc58fc1772739fbc7694f21696cedb47c5 1 1 100292 0
484679fa0959750badb456769fb4faebc596d5cab7635afa73138adc0f0f0109 1 1 199 0
5643cdbcc8d74632aeddf92805ce0f393675e12c8297de79dbf6078bf40d1c57 1 1 151 0
d2cf699a65fbaed84da8fb1d0ae60e8e4aa9b08fbf249666b6bb936a32cdc29f 1 1 72 0
cb0115d0b5d90b5f190e97962819cd447e59732594daadb3e0b694c95b2f36dd 1 1 242 0
9b05e11955cf10e64e617e523a4ce7e273f462e35352a7c857c5f6eed667e053 1 1 212 0
7e85fa4d6aa76c56225a06322d56ff93de048ebec661e06101c29c1bde405e07 1 1 88 0
67867a63cba6461615476977a20e5a048787a32e27bed4870efe6943f7458816 1 1 189 0
c65e21b4cd5d6afd477578d2ee291b87162cd5f4152909bbea740a08882991e5 1 1 450 0
b1e8eff5be0e718b34294ef2f8bf13ba134915953ac0fb9a4890eea342c7139f 1 1 182 0
8c6402502e4af7b87355da627e3a5b34d1f189545cc734cd62189d68b0287638 180 3 2468 3519
34517a44018a9ae20f03bd5b314a1a9976e61f02399e88e90f6a1e59049346f3 61 7 4939 914
